Repository Name,File Name,Line Number,Task Name,Smell Name,Smell Description
/home/ghazal/Ansible-Reproducibility/src/extraction/test/testScripts/community.sap_install,register_sysinfo_cloud_ibmcloud_vs.yml,4,SAP HA Prepare Pacemaker - IBM Cloud VS - Register instance ID,Idempotency,Task violates idempotency because it executes a command.
/home/ghazal/Ansible-Reproducibility/src/extraction/test/testScripts/community.sap_install,register_sysinfo_cloud_ibmcloud_vs.yml,4,SAP HA Prepare Pacemaker - IBM Cloud VS - Register instance ID,Version Specific Installation,None
/home/ghazal/Ansible-Reproducibility/src/extraction/test/testScripts/community.sap_install,register_sysinfo_cloud_ibmcloud_vs.yml,4,SAP HA Prepare Pacemaker - IBM Cloud VS - Register instance ID,Outdated Dependencies,None
/home/ghazal/Ansible-Reproducibility/src/extraction/test/testScripts/community.sap_install,register_sysinfo_cloud_ibmcloud_vs.yml,4,SAP HA Prepare Pacemaker - IBM Cloud VS - Register instance ID,Missing Dependencies,None
/home/ghazal/Ansible-Reproducibility/src/extraction/test/testScripts/community.sap_install,register_sysinfo_cloud_ibmcloud_vs.yml,4,SAP HA Prepare Pacemaker - IBM Cloud VS - Register instance ID,Hardware Specific Commands,"












































































































































































































































































"
/home/ghazal/Ansible-Reproducibility/src/extraction/test/testScripts/community.sap_install,register_sysinfo_cloud_ibmcloud_vs.yml,4,SAP HA Prepare Pacemaker - IBM Cloud VS - Register instance ID,Assumption about Environment,"None 






"
/home/ghazal/Ansible-Reproducibility/src/extraction/test/testScripts/community.sap_install,register_sysinfo_cloud_ibmcloud_vs.yml,4,SAP HA Prepare Pacemaker - IBM Cloud VS - Register instance ID,Broken Dependency Chain,"Task uses a fixed ID which can become outdated or incorrect across platforms.
Task did not check the correctness of execution."
