Task name,Idempotency,Version specific installation,Outdated dependencies,Missing dependencies,Assumption about environment,Hardware specific commands,Broken Dependency
install desktop (xfce) packages,Task violates idempotency because it installs or upgrades packages with apt.,None,The installed package could become outdated because the script does not update it.,None,"None 




","
































































































































































",Task did not check the correctness of execution.
