Task name,Idempotency,Version specific installation,Outdated dependencies,Missing dependencies,Assumption about environment,Hardware specific commands,Broken Dependency
Ensure required packages for dconf module are installed - background,Task violates idempotency because it installs or upgrades packages with apt.,None,Task uses apt to install the latest packages.,None,"Task assumes the operating system family. 






","






















































































































































































































","Task uses a fixed ID which can become outdated or incorrect across platforms.
None"
Task name,Idempotency,Version specific installation,Outdated dependencies,Missing dependencies,Assumption about environment,Hardware specific commands,Broken Dependency
Ensure required packages for dconf module are installed - background,Task violates idempotency because it installs packages with dnf.,None,The installed package could become outdated because the script does not update it.,None,"Task assumes the operating system family. 






","






















































































































































































































",None
Task name,Idempotency,Version specific installation,Outdated dependencies,Missing dependencies,Assumption about environment,Hardware specific commands,Broken Dependency
Ensure directory exists - background,Task changes the state of the file without checking.,None,None,"
Task is using absolute path for source path","None 


","










































































































",Task did not check the correctness of execution.
Task name,Idempotency,Version specific installation,Outdated dependencies,Missing dependencies,Assumption about environment,Hardware specific commands,Broken Dependency
Copy picture - background,Task changes the state of the file without checking.,None,None,"Task is using relative path for source
","None 




","
































































































































































",Task did not check the correctness of execution.
Task name,Idempotency,Version specific installation,Outdated dependencies,Missing dependencies,Assumption about environment,Hardware specific commands,Broken Dependency
Set picture - background,None,None,None,None,"None 


","










































































































",Error
