Task name,Idempotency,Version specific installation,Outdated dependencies,Missing dependencies,Assumption about environment,Hardware specific commands,Broken Dependency
Get sgt src,None,None,None,None,"None 




","
































































































































































",Task did not check the correctness of execution.
Task name,Idempotency,Version specific installation,Outdated dependencies,Missing dependencies,Assumption about environment,Hardware specific commands,Broken Dependency
Print sgt_src,None,None,None,None,"None 




","
































































































































































",None
Task name,Idempotency,Version specific installation,Outdated dependencies,Missing dependencies,Assumption about environment,Hardware specific commands,Broken Dependency
Create or update a filter_policy,None,None,None,None,"None 






","






















































































































































































































","Task uses a fixed ID which can become outdated or incorrect across platforms.
None"
Task name,Idempotency,Version specific installation,Outdated dependencies,Missing dependencies,Assumption about environment,Hardware specific commands,Broken Dependency
Print result,None,None,None,None,"None 


","










































































































",Task did not check the correctness of execution.
